image: parking-map.png
resolution: 0.050000
origin: [-180.000000, -276.000000, 0.000000]
negate: 0
occupied_thresh: 0.65
free_thresh: 0.196

